13000 true 0 false 14409 54.77845459999904 33.06056910000328 0
13000 true 0 false 14409 54.77845459999904 33.06056910000328 0
13000 true 0 false 14409 54.77845459999904 33.06056910000328 0
13000 true 0 false 14409 54.77845459999904 33.06056910000328 0
13000 true 0 false 14409 54.77845459999904 33.06056910000328 0
13000 true 0 false 14409 54.77845459999904 33.06056910000328 0
13000 true 0 false 14409 54.77845459999904 33.06056910000328 0
13000 true 0 false 14409 54.77845459999904 33.06056910000328 0
13000 true 0 false 14409 54.77845459999904 33.06056910000328 0
13000 true 0 false 14409 54.77845459999904 33.06056910000328 0
